%VIRAT_S_000000	0	590	2
%%VIRAT_S_000000	1950	3070	2
%%VIRAT_S_000000	3070	3455	1
%%VIRAT_S_000000	3800	3985	0
%VIRAT_S_000000	4820	5865	2
%VIRAT_S_000000	9520	10100	1
%%VIRAT_S_000000	10100	10750	0
%VIRAT_S_000000	12020	13200	2
%VIRAT_S_000000	17200	18350	2
%%VIRAT_S_000000	19000	19290	1
%%VIRAT_S_000000	19300	19700	0
%VIRAT_S_000001	5900	7050	2
%VIRAT_S_000001	9660	10170	1
%VIRAT_S_000001	10240	10600	0
%VIRAT_S_000001	17426	17800	0
%VIRAT_S_000002	3400	4200	1
%VIRAT_S_000002	4200	4910	0
%VIRAT_S_000003	5340	5680	1
%VIRAT_S_000003	5680	6150	0
%VIRAT_S_000003	7500	8435	2
%VIRAT_S_000003	7900	8920	2
%%VIRAT_S_000003	12270	12770	1
%VIRAT_S_000003	12950	13235	0
%VIRAT_S_000003	17160	17700	1
%VIRAT_S_000003	17700	18500	0
%VIRAT_S_000003	19110	20200	2
%VIRAT_S_000004	6900	7800	1
%VIRAT_S_000004	7800	8700	0
%VIRAT_S_000004	14540	15300	1
%VIRAT_S_000004	15990	16600	0
%VIRAT_S_000005	780	1560	1
%VIRAT_S_000005	2750	3000	0
%VIRAT_S_000005	5800	6400	1
%VIRAT_S_000005	6720	7200	0
%VIRAT_S_000005	12340	13370	2
%VIRAT_S_000005	15100	15970	2
%%VIRAT_S_000005	15970	16170	1
%VIRAT_S_000005	19860	20100	1
%%VIRAT_S_000005	20726	20950	0
%%VIRAT_S_000006	200	400	1
%%VIRAT_S_000006	580	740	0
%VIRAT_S_000006	1945	2820	2
%VIRAT_S_000006	4110	4880	1
%VIRAT_S_000006	5730	6000	0
%%VIRAT_S_000006	4620	4880	1
%%VIRAT_S_000006	5380	5600	0
%VIRAT_S_000006	7160	7435	0
%VIRAT_S_000006	7490	7780	1
%VIRAT_S_000006	15060	15730	1
%VIRAT_S_000006	15550	15790	1
%VIRAT_S_000006	16100	16740	0
%VIRAT_S_000006	16100	16560	0
%VIRAT_S_000007	1080	1680	1
%VIRAT_S_000007	1930	2280	0
%VIRAT_S_000007	2525	3090	1
%VIRAT_S_000007	2950	3985	2
%VIRAT_S_000007	4830	5290	0
%VIRAT_S_000007	5500	6130	1
%VIRAT_S_000007	6670	7345	0
%VIRAT_S_000007	9055	9500	1
%VIRAT_S_000007	9980	10450	1
%VIRAT_S_000007	9970	10350	0
%VIRAT_S_000007	11020	11690	0
%VIRAT_S_000007	14455	14910	1
%VIRAT_S_000007	14590	15000	1
%VIRAT_S_000007	15070	16190	2
%%VIRAT_S_000007	15275	15725	0
%VIRAT_S_000007	15350	15910	0
%%VIRAT_S_000008	1100	1814	1
%%VIRAT_S_000008	1860	1990	0
%VIRAT_S_000008	1560	1990	1
%%VIRAT_S_000008	2380	2930	0
%VIRAT_S_000008	4930	5800	2
VIRAT_S_040103_02 180 660 1
